Approximation to f(x) = x^(1/8)

alpha[0]=1.2554836875790309e+00
alpha[1]=-7.8128658083565766e-17, beta[1]=1.1631099630541095e-14
alpha[2]=-1.0497979460686618e-15, beta[2]=1.4861498507042878e-13
alpha[3]=-1.3316483913742877e-14, beta[3]=1.4578090766973866e-12
alpha[4]=-1.6833128170609618e-13, beta[4]=1.3938173215882323e-11
alpha[5]=-2.1271296644548538e-12, beta[5]=1.3290837590187519e-10
alpha[6]=-2.6878677891115228e-11, beta[6]=1.2670022670997803e-09
alpha[7]=-3.3964111125975250e-10, beta[7]=1.2077851768080415e-08
alpha[8]=-4.2917308491166975e-09, beta[8]=1.1513322807536654e-07
alpha[9]=-5.4230683730199025e-08, beta[9]=1.0975181559366772e-06
alpha[10]=-6.8526956636776387e-07, beta[10]=1.0462235754261286e-05
alpha[11]=-8.6599163047192239e-06, beta[11]=9.9736512178956428e-05
alpha[12]=-1.0952368381019715e-04, beta[12]=9.5114088475318733e-04
alpha[13]=-1.3956129829123815e-03, beta[13]=9.1027357364440609e-03
alpha[14]=-1.9110241954162204e-02, beta[14]=9.0136127573996513e-02
alpha[15]=-5.3985926912539484e-01, beta[15]=1.2808403737231060e+00

Approximation to f(x) = x^(-1/4)

alpha[0]=6.4850604087839014e-01
alpha[1]=3.6279799870602336e-12, beta[1]=7.2190246245103699e-16
alpha[2]=2.0743547829879826e-11, beta[2]=1.2287943939966825e-14
alpha[3]=1.2478276614820847e-10, beta[3]=1.4080010963248711e-13
alpha[4]=7.5635579706377587e-10, beta[4]=1.5626106792756075e-12
alpha[5]=4.5878253723142989e-09, beta[5]=1.7292437847048868e-11
alpha[6]=2.7830157021450695e-08, beta[6]=1.9131519225159805e-10
alpha[7]=1.6882119507840049e-07, beta[7]=2.1165695948957138e-09
alpha[8]=1.0240909311332627e-06, beta[8]=2.3416109219624699e-08
alpha[9]=6.2122678183206830e-06, beta[9]=2.5905792328243406e-07
alpha[10]=3.7684495193036675e-05, beta[10]=2.8660219977147571e-06
alpha[11]=2.2860459967530310e-04, beta[11]=3.1707917451486140e-05
alpha[12]=1.3871227068807282e-03, beta[12]=3.5084673304121593e-04
alpha[13]=8.4398743673200199e-03, beta[13]=3.8881952827293570e-03
alpha[14]=5.2936835342681260e-02, beta[14]=4.3848134187507062e-02
alpha[15]=4.6836957531388274e-01,beta[15]=6.0686020612260205e-01



